0000000000001101 
0000000000100101 
0000000001000110 
0000000001001110 
0000000001100011 
0000000001011100 
0000000001110101 
0000000001110011 
0000000010000000 
0000000001110000 
0000000001110100 
0000000001011101 
0000000001001111 
0000000000111101 
0000000000110011 
0000000000101011 
0000000000010010 
1111111111101000 
1111111111101101 
1111111111000111 
1111111111000001 
1111111110100111 
1111111110111011 
1111111110101011 
1111111110110101 
1111111110011111 
1111111111000100 
1111111110111000 
1111111111000101 
1111111111010100 
0000000000000000 
0000000000001010 
