0000000000000110 
0000000000011001 
0000000001001000 
0000000001000001 
0000000001011011 
0000000001111011 
0000000001111111 
0000000001111100 
0000000001110000 
0000000001101100 
0000000010000000 
0000000001011010 
0000000001001100 
0000000001001010 
0000000000101100 
0000000000101100 
0000000000001101 
1111111111100111 
1111111111010110 
1111111110111110 
1111111110111000 
1111111111000000 
1111111110011100 
1111111110010101 
1111111110011101 
1111111110011110 
1111111110100111 
1111111110111111 
1111111111000110 
1111111111101000 
1111111111101011 
0000000000010111 
